0.000000000000000000e+00 0.000000000000000000e+00
3.125000000000000000e-02 -3.982872040119779522e-02
6.250000000000000000e-02 -6.898536733532967258e-02
9.375000000000000000e-02 -8.746994080239560432e-02
1.250000000000000000e-01 -1.088140877365274817e-01
1.562500000000000000e-01 -1.194861612035933995e-01
1.875000000000000000e-01 -1.330178081377252353e-01
2.187500000000000000e-01 -1.494090285389230721e-01
2.500000000000000000e-01 -1.650340285389230721e-01
2.812500000000000000e-01 -1.699869550718571265e-01
3.125000000000000000e-01 -1.777994550718571265e-01
3.437500000000000000e-01 -1.884715285389230444e-01
3.750000000000000000e-01 -1.983773816047911809e-01
4.062500000000000000e-01 -2.111428081377252908e-01
4.375000000000000000e-01 -2.231420142694615638e-01
4.687500000000000000e-01 -2.343750000000001110e-01
5.000000000000000000e-01 -2.458132938682638102e-01
5.312500000000000000e-01 -2.465795142694615916e-01
5.625000000000000000e-01 -2.502053081377252908e-01
5.937500000000000000e-01 -2.566906754730549634e-01
6.250000000000000000e-01 -2.624098224071868546e-01
6.562500000000000000e-01 -2.709885428083845804e-01
6.875000000000000000e-01 -2.788010428083846359e-01
7.187500000000000000e-01 -2.858473224071868546e-01
7.500000000000000000e-01 -2.930989101437143085e-01
7.812500000000000000e-01 -3.032100713473076525e-01
8.125000000000000000e-01 -3.125550121497032707e-01
8.437500000000000000e-01 -3.211337325509009966e-01
8.750000000000000000e-01 -3.299177610898240132e-01
9.062500000000000000e-01 -3.379355692275492484e-01
9.375000000000000000e-01 -3.461586855029996634e-01
9.687500000000000000e-01 -3.545871099161752582e-01
1.000000000000000000e+00 -3.629605221796478598e-01
1.031250000000000000e+00 -1.573502429940611125e-02
1.062500000000000000e+00 2.362080327784400191e-01
1.093750000000000000e+00 3.928686490538904064e-01
1.125000000000000000e+00 5.750601183952090967e-01
1.156250000000000000e+00 6.619691469341322243e-01
1.187500000000000000e+00 7.744090285389233497e-01
1.218750000000000000e+00 9.123797632095826948e-01
1.250000000000000000e+00 1.043509526419164946e+00
1.281250000000000000e+00 1.079356848826351634e+00
1.312500000000000000e+00 1.140735024299406541e+00
1.343750000000000000e+00 1.227644052838329669e+00
1.375000000000000000e+00 1.307712109916175702e+00
1.406250000000000000e+00 1.413311020059889955e+00
1.437500000000000000e+00 1.512068958742527336e+00
1.468750000000000000e+00 1.603985925964087400e+00
1.500000000000000000e+00 1.697735925964087622e+00
1.531250000000000000e+00 1.058943958742526892e+00
1.562500000000000000e+00 6.164360200598895112e-01
1.593750000000000000e+00 3.702121099161752582e-01
1.625000000000000000e+00 7.139405283832914173e-02
1.656250000000000000e+00 -3.113997570059392345e-02
1.687500000000000000e+00 -1.862681511736488660e-01
1.718750000000000000e+00 -3.939904735808356095e-01
1.750000000000000000e+00 -5.876202367904179713e-01
1.781250000000000000e+00 -5.849659714610773165e-01
1.812500000000000000e+00 -6.349058530658685529e-01
1.843750000000000000e+00 -7.374398816047915695e-01
1.875000000000000000e+00 -8.258813509461101487e-01
1.906250000000000000e+00 -9.669169672215607303e-01
1.937500000000000000e+00 -1.093860024299406764e+00
1.968750000000000000e+00 -1.206710522179648359e+00
2.000000000000000000e+00 -1.323337109916175924e+00
2.031250000000000000e+00 -8.852211855029999965e-01
2.062500000000000000e+00 -5.957480692275494150e-01
2.093750000000000000e+00 -4.549177610898240687e-01
2.125000000000000000e+00 -2.742587325509009410e-01
2.156250000000000000e+00 -2.422425121497031597e-01
2.187500000000000000e+00 -1.703975713473075415e-01
2.218750000000000000e+00 -5.872391014371414197e-02
2.250000000000000000e+00 4.227767759281333276e-02
2.281250000000000000e+00 -5.363542808384470263e-03
2.312500000000000000e+00 -1.317604280838447287e-02
2.343750000000000000e+00 1.884017759281332235e-02
2.375000000000000000e+00 4.018432452694518237e-02
2.406250000000000000e+00 1.013571918622748619e-01
2.437500000000000000e+00 1.518579857305386027e-01
2.468750000000000000e+00 1.916867061317363841e-01
2.500000000000000000e+00 2.343750000000000833e-01
2.531250000000000000e+00 1.284204857305385750e-01
2.562500000000000000e+00 6.229469186227484800e-02
2.593750000000000000e+00 3.599761839520890239e-02
2.625000000000000000e+00 -9.715285389229680324e-04
2.656250000000000000e+00 1.888044928142954167e-03
2.687500000000000000e+00 -5.924455071857051905e-03
2.718750000000000000e+00 -2.440902853892298538e-02
2.750000000000000000e+00 -4.003402853892298885e-02
2.781250000000000000e+00 -1.583030813772520057e-02
2.812500000000000000e+00 -2.298661203593344894e-03
2.843750000000000000e+00 5.609122634725838101e-04
2.875000000000000000e+00 6.280059197604439918e-03
2.906250000000000000e+00 1.327132664670365586e-03
2.937500000000000000e+00 -7.662204011977809086e-04
2.968750000000000000e+00 0.000000000000000000e+00
3.000000000000000000e+00 0.000000000000000000e+00
